PlotColorCode = [   255     0       0       ;   % Code 1
                    192     0       0       ;   % Code 2
                    255     192     0       ;   % Code 3
                    146     208     80      ;   % Code 4
                    0       176     80      ;   % Code 5
                    0       176     240     ;   % Code 6
                    0       112     192     ;   % Code 7
                    0       32      96      ;   % Code 8
                    112     48      160     ;   % Code 9
                    255     0       255     ;   % Code 10
                    204     51      0       ;   % Code 11
                    250     192     144     ;   % Code 12
                    174     205     221     ;   % Code 13
                    179     162     199     ;   % Code 14
                    195     214     155     ;   % Code 15
                    0       255     0       ]/255;   % Code 16